{
 "cells": [
  {
   "cell_type": "code",
   "execution_count": 1,
   "metadata": {},
   "outputs": [
    {
     "name": "stdout",
     "output_type": "stream",
     "text": [
      "2022-01-02 09:09:21\n",
      "2022-01-09 07:58:51\n"
     ]
    },
    {
     "data": {
      "text/html": [
       "<div>\n",
       "<style scoped>\n",
       "    .dataframe tbody tr th:only-of-type {\n",
       "        vertical-align: middle;\n",
       "    }\n",
       "\n",
       "    .dataframe tbody tr th {\n",
       "        vertical-align: top;\n",
       "    }\n",
       "\n",
       "    .dataframe thead th {\n",
       "        text-align: right;\n",
       "    }\n",
       "</style>\n",
       "<table border=\"1\" class=\"dataframe\">\n",
       "  <thead>\n",
       "    <tr style=\"text-align: right;\">\n",
       "      <th></th>\n",
       "      <th>glucose</th>\n",
       "    </tr>\n",
       "  </thead>\n",
       "  <tbody>\n",
       "    <tr>\n",
       "      <th>2022-01-02 09:09:21</th>\n",
       "      <td>152</td>\n",
       "    </tr>\n",
       "    <tr>\n",
       "      <th>2022-01-02 09:09:23</th>\n",
       "      <td>152</td>\n",
       "    </tr>\n",
       "    <tr>\n",
       "      <th>2022-01-02 09:14:21</th>\n",
       "      <td>153</td>\n",
       "    </tr>\n",
       "    <tr>\n",
       "      <th>2022-01-02 09:14:22</th>\n",
       "      <td>153</td>\n",
       "    </tr>\n",
       "    <tr>\n",
       "      <th>2022-01-02 09:19:20</th>\n",
       "      <td>161</td>\n",
       "    </tr>\n",
       "    <tr>\n",
       "      <th>...</th>\n",
       "      <td>...</td>\n",
       "    </tr>\n",
       "    <tr>\n",
       "      <th>2022-01-09 07:38:54</th>\n",
       "      <td>101</td>\n",
       "    </tr>\n",
       "    <tr>\n",
       "      <th>2022-01-09 07:43:53</th>\n",
       "      <td>100</td>\n",
       "    </tr>\n",
       "    <tr>\n",
       "      <th>2022-01-09 07:48:53</th>\n",
       "      <td>100</td>\n",
       "    </tr>\n",
       "    <tr>\n",
       "      <th>2022-01-09 07:53:52</th>\n",
       "      <td>100</td>\n",
       "    </tr>\n",
       "    <tr>\n",
       "      <th>2022-01-09 07:58:51</th>\n",
       "      <td>98</td>\n",
       "    </tr>\n",
       "  </tbody>\n",
       "</table>\n",
       "<p>1999 rows × 1 columns</p>\n",
       "</div>"
      ],
      "text/plain": [
       "                    glucose\n",
       "2022-01-02 09:09:21     152\n",
       "2022-01-02 09:09:23     152\n",
       "2022-01-02 09:14:21     153\n",
       "2022-01-02 09:14:22     153\n",
       "2022-01-02 09:19:20     161\n",
       "...                     ...\n",
       "2022-01-09 07:38:54     101\n",
       "2022-01-09 07:43:53     100\n",
       "2022-01-09 07:48:53     100\n",
       "2022-01-09 07:53:52     100\n",
       "2022-01-09 07:58:51      98\n",
       "\n",
       "[1999 rows x 1 columns]"
      ]
     },
     "execution_count": 1,
     "metadata": {},
     "output_type": "execute_result"
    }
   ],
   "source": [
    "import requests\n",
    "import pandas as pd\n",
    "\n",
    "from datetime import datetime as dt\n",
    "import json\n",
    "import numpy as np\n",
    "import matplotlib.pyplot as plt\n",
    "%matplotlib inline\n",
    "\n",
    "# authorization:ambrosiaに登録し、認証情報を取得したものを渡す\n",
    "headers = {'authorization': 'hogehoge',\n",
    "           'cache-control': 'no-cache'}\n",
    "\n",
    "begin_tstr = '2022-1-2 8:00:00'\n",
    "end_tstr = '2022-1-9 8:00:00'\n",
    "\n",
    "\n",
    "begin_data = dt.strptime(begin_tstr, '%Y-%m-%d %H:%M:%S')\n",
    "end_data = dt.strptime(end_tstr, '%Y-%m-%d %H:%M:%S')\n",
    "begin_ut = int(begin_data.timestamp())\n",
    "end_ut = int(end_data.timestamp())\n",
    "\n",
    "glucose = requests.get(\"https://developer.ambrosiasys.com/app/readings?begin_date={}&end_date={}\".format(begin_ut, end_ut),\n",
    "            headers=headers)\n",
    "\n",
    "get_data = json.loads(glucose.text.replace(\"'\", '\"'))\n",
    "for i in range(len(get_data['readings'])):\n",
    "    get_data['readings'][i]['reading_time'] = dt.fromtimestamp((int(get_data['readings'][i]['reading_time']) / 1000))\n",
    "\n",
    "START_TIME = get_data['readings'][0]['reading_time']\n",
    "END_TIME = get_data['readings'][-1]['reading_time']\n",
    "print(START_TIME)\n",
    "print(END_TIME)\n",
    "\n",
    "glu_data = [i['reading'] for i in get_data['readings']]\n",
    "date = [i['reading_time'] for i in get_data['readings']]\n",
    "glu_df = pd.DataFrame(glu_data, index=date).rename(columns={0: 'glucose'})\n",
    "glu_df"
   ]
  },
  {
   "cell_type": "code",
   "execution_count": 2,
   "metadata": {},
   "outputs": [
    {
     "name": "stdout",
     "output_type": "stream",
     "text": [
      "26636\n"
     ]
    }
   ],
   "source": [
    "import collections\n",
    "import xml.etree.ElementTree as ET\n",
    "import pytz\n",
    "import datetime\n",
    "\n",
    "Step = collections.namedtuple('Step', ['creation_date', 'start_date', 'end_date', 'value'])\n",
    "\n",
    "tree = ET.parse('export.xml')\n",
    "root = tree.getroot()\n",
    "\n",
    "step_list = []\n",
    "\n",
    "es = root.findall(\".//Record[@type='HKQuantityTypeIdentifierStepCount']\")\n",
    "for e in es:\n",
    "    creation_date_str = e.get('creationDate')\n",
    "    creation_date = dt.strptime(creation_date_str, '%Y-%m-%d %H:%M:%S %z')\n",
    "    \n",
    "    start_date_str = e.get('startDate')\n",
    "    start_date = dt.strptime(start_date_str, '%Y-%m-%d %H:%M:%S %z')\n",
    "    \n",
    "    end_date_str = e.get('endDate')\n",
    "    end_date = dt.strptime(end_date_str, '%Y-%m-%d %H:%M:%S %z')\n",
    "    \n",
    "    value = e.get('value')\n",
    "    step = Step(creation_date, start_date, end_date, value)\n",
    "    \n",
    "    step_list.append(step)\n",
    "print(len(step_list))\n",
    "\n",
    "jp = pytz.timezone('Asia/Tokyo')\n",
    "walk_data = []\n",
    "\n",
    "last_date = dt.strptime('2022-1-13 00:00:00', '%Y-%m-%d %H:%M:%S')\n",
    "for record in step_list:\n",
    "    if begin_data.replace(tzinfo=jp) <= record.start_date.replace(tzinfo=jp) < last_date.replace(tzinfo=jp):\n",
    "        walk_data.append(record)\n",
    "    else:\n",
    "        pass"
   ]
  },
  {
   "cell_type": "code",
   "execution_count": 3,
   "metadata": {},
   "outputs": [
    {
     "name": "stdout",
     "output_type": "stream",
     "text": [
      "950\n",
      "Step(creation_date=datetime.datetime(2022, 1, 2, 8, 23, 59, tzinfo=datetime.timezone(datetime.timedelta(seconds=32400))), start_date=datetime.datetime(2022, 1, 2, 8, 12, 2, tzinfo=datetime.timezone(datetime.timedelta(seconds=32400))), end_date=datetime.datetime(2022, 1, 2, 8, 21, 56, tzinfo=datetime.timezone(datetime.timedelta(seconds=32400))), value='325')\n",
      "Step(creation_date=datetime.datetime(2022, 1, 12, 23, 26, 7, tzinfo=datetime.timezone(datetime.timedelta(seconds=32400))), start_date=datetime.datetime(2022, 1, 12, 23, 11, 30, tzinfo=datetime.timezone(datetime.timedelta(seconds=32400))), end_date=datetime.datetime(2022, 1, 12, 23, 11, 33, tzinfo=datetime.timezone(datetime.timedelta(seconds=32400))), value='3')\n",
      "950 950\n"
     ]
    }
   ],
   "source": [
    "print(len(walk_data))\n",
    "print(walk_data[0])\n",
    "print(walk_data[-1])\n",
    "walk_date = [i.start_date for i in walk_data]\n",
    "walk = [i.value for i in walk_data]\n",
    "print(len(walk_date), len(walk))"
   ]
  },
  {
   "cell_type": "code",
   "execution_count": 64,
   "metadata": {},
   "outputs": [
    {
     "data": {
      "text/plain": [
       "datetime.datetime(2022, 1, 2, 8, 12, 2, tzinfo=datetime.timezone(datetime.timedelta(seconds=32400)))"
      ]
     },
     "execution_count": 64,
     "metadata": {},
     "output_type": "execute_result"
    }
   ],
   "source": [
    "walk_date[0]"
   ]
  },
  {
   "cell_type": "code",
   "execution_count": 4,
   "metadata": {},
   "outputs": [
    {
     "data": {
      "text/html": [
       "<div>\n",
       "<style scoped>\n",
       "    .dataframe tbody tr th:only-of-type {\n",
       "        vertical-align: middle;\n",
       "    }\n",
       "\n",
       "    .dataframe tbody tr th {\n",
       "        vertical-align: top;\n",
       "    }\n",
       "\n",
       "    .dataframe thead th {\n",
       "        text-align: right;\n",
       "    }\n",
       "</style>\n",
       "<table border=\"1\" class=\"dataframe\">\n",
       "  <thead>\n",
       "    <tr style=\"text-align: right;\">\n",
       "      <th></th>\n",
       "      <th>walk</th>\n",
       "    </tr>\n",
       "  </thead>\n",
       "  <tbody>\n",
       "    <tr>\n",
       "      <th>2022-01-02 08:12:02+09:00</th>\n",
       "      <td>325</td>\n",
       "    </tr>\n",
       "    <tr>\n",
       "      <th>2022-01-02 08:22:29+09:00</th>\n",
       "      <td>74</td>\n",
       "    </tr>\n",
       "    <tr>\n",
       "      <th>2022-01-02 08:34:18+09:00</th>\n",
       "      <td>266</td>\n",
       "    </tr>\n",
       "    <tr>\n",
       "      <th>2022-01-02 08:44:18+09:00</th>\n",
       "      <td>1108</td>\n",
       "    </tr>\n",
       "    <tr>\n",
       "      <th>2022-01-02 08:54:19+09:00</th>\n",
       "      <td>1110</td>\n",
       "    </tr>\n",
       "    <tr>\n",
       "      <th>...</th>\n",
       "      <td>...</td>\n",
       "    </tr>\n",
       "    <tr>\n",
       "      <th>2022-01-12 22:44:56+09:00</th>\n",
       "      <td>28</td>\n",
       "    </tr>\n",
       "    <tr>\n",
       "      <th>2022-01-12 22:45:58+09:00</th>\n",
       "      <td>2</td>\n",
       "    </tr>\n",
       "    <tr>\n",
       "      <th>2022-01-12 22:46:24+09:00</th>\n",
       "      <td>5</td>\n",
       "    </tr>\n",
       "    <tr>\n",
       "      <th>2022-01-12 23:07:39+09:00</th>\n",
       "      <td>2</td>\n",
       "    </tr>\n",
       "    <tr>\n",
       "      <th>2022-01-12 23:11:30+09:00</th>\n",
       "      <td>3</td>\n",
       "    </tr>\n",
       "  </tbody>\n",
       "</table>\n",
       "<p>950 rows × 1 columns</p>\n",
       "</div>"
      ],
      "text/plain": [
       "                           walk\n",
       "2022-01-02 08:12:02+09:00   325\n",
       "2022-01-02 08:22:29+09:00    74\n",
       "2022-01-02 08:34:18+09:00   266\n",
       "2022-01-02 08:44:18+09:00  1108\n",
       "2022-01-02 08:54:19+09:00  1110\n",
       "...                         ...\n",
       "2022-01-12 22:44:56+09:00    28\n",
       "2022-01-12 22:45:58+09:00     2\n",
       "2022-01-12 22:46:24+09:00     5\n",
       "2022-01-12 23:07:39+09:00     2\n",
       "2022-01-12 23:11:30+09:00     3\n",
       "\n",
       "[950 rows x 1 columns]"
      ]
     },
     "execution_count": 4,
     "metadata": {},
     "output_type": "execute_result"
    }
   ],
   "source": [
    "walk_df = pd.DataFrame(walk, index=walk_date).rename(columns={0: \"walk\"})\n",
    "walk_df"
   ]
  },
  {
   "cell_type": "code",
   "execution_count": 51,
   "metadata": {},
   "outputs": [
    {
     "data": {
      "text/html": [
       "<div>\n",
       "<style scoped>\n",
       "    .dataframe tbody tr th:only-of-type {\n",
       "        vertical-align: middle;\n",
       "    }\n",
       "\n",
       "    .dataframe tbody tr th {\n",
       "        vertical-align: top;\n",
       "    }\n",
       "\n",
       "    .dataframe thead th {\n",
       "        text-align: right;\n",
       "    }\n",
       "</style>\n",
       "<table border=\"1\" class=\"dataframe\">\n",
       "  <thead>\n",
       "    <tr style=\"text-align: right;\">\n",
       "      <th></th>\n",
       "      <th>Enagy(kcal)</th>\n",
       "      <th>Protein(g)</th>\n",
       "      <th>Fat(g)</th>\n",
       "      <th>Carbo(g)</th>\n",
       "      <th>Ca(mg)</th>\n",
       "      <th>Mg(mg)</th>\n",
       "      <th>Fe(mg)</th>\n",
       "      <th>Zn(mg)</th>\n",
       "      <th>VitA(ﾎｼg)</th>\n",
       "      <th>VitD(ﾎｼg)</th>\n",
       "      <th>VitB1(mg)</th>\n",
       "      <th>VitB2(mg)</th>\n",
       "      <th>VitB6(mg)</th>\n",
       "      <th>Fiber(g)</th>\n",
       "      <th>Saturated fat(g)</th>\n",
       "      <th>VitC(mg)</th>\n",
       "      <th>NoW</th>\n",
       "      <th>Salt(g)</th>\n",
       "      <th>Label</th>\n",
       "    </tr>\n",
       "  </thead>\n",
       "  <tbody>\n",
       "    <tr>\n",
       "      <th>つけめん</th>\n",
       "      <td>602</td>\n",
       "      <td>26.5</td>\n",
       "      <td>10.7</td>\n",
       "      <td>107.9</td>\n",
       "      <td>100.0</td>\n",
       "      <td>49.0</td>\n",
       "      <td>2.1</td>\n",
       "      <td>1.4</td>\n",
       "      <td>59.0</td>\n",
       "      <td>0.8</td>\n",
       "      <td>0.25</td>\n",
       "      <td>0.23</td>\n",
       "      <td>0.13</td>\n",
       "      <td>8.3</td>\n",
       "      <td>3.41</td>\n",
       "      <td>7.0</td>\n",
       "      <td>0.0</td>\n",
       "      <td>2.127</td>\n",
       "      <td>70.308458</td>\n",
       "    </tr>\n",
       "    <tr>\n",
       "      <th>納豆オムレツ</th>\n",
       "      <td>338</td>\n",
       "      <td>21.3</td>\n",
       "      <td>26.8</td>\n",
       "      <td>7.7</td>\n",
       "      <td>97.0</td>\n",
       "      <td>66.0</td>\n",
       "      <td>3.3</td>\n",
       "      <td>2.1</td>\n",
       "      <td>171.0</td>\n",
       "      <td>2.5</td>\n",
       "      <td>0.10</td>\n",
       "      <td>0.61</td>\n",
       "      <td>0.23</td>\n",
       "      <td>2.4</td>\n",
       "      <td>5.00</td>\n",
       "      <td>2.0</td>\n",
       "      <td>0.0</td>\n",
       "      <td>1.500</td>\n",
       "      <td>27.705401</td>\n",
       "    </tr>\n",
       "    <tr>\n",
       "      <th>あんかけチャーハン</th>\n",
       "      <td>844</td>\n",
       "      <td>30.2</td>\n",
       "      <td>36.3</td>\n",
       "      <td>107.0</td>\n",
       "      <td>69.0</td>\n",
       "      <td>64.0</td>\n",
       "      <td>2.1</td>\n",
       "      <td>3.6</td>\n",
       "      <td>234.0</td>\n",
       "      <td>3.3</td>\n",
       "      <td>0.17</td>\n",
       "      <td>0.37</td>\n",
       "      <td>0.25</td>\n",
       "      <td>2.5</td>\n",
       "      <td>5.63</td>\n",
       "      <td>6.0</td>\n",
       "      <td>0.0</td>\n",
       "      <td>3.900</td>\n",
       "      <td>89.671354</td>\n",
       "    </tr>\n",
       "    <tr>\n",
       "      <th>あんかけチャーハン+歩数</th>\n",
       "      <td>844</td>\n",
       "      <td>30.2</td>\n",
       "      <td>36.3</td>\n",
       "      <td>107.0</td>\n",
       "      <td>69.0</td>\n",
       "      <td>64.0</td>\n",
       "      <td>2.1</td>\n",
       "      <td>3.6</td>\n",
       "      <td>234.0</td>\n",
       "      <td>3.3</td>\n",
       "      <td>0.17</td>\n",
       "      <td>0.37</td>\n",
       "      <td>0.25</td>\n",
       "      <td>2.5</td>\n",
       "      <td>5.63</td>\n",
       "      <td>6.0</td>\n",
       "      <td>10000.0</td>\n",
       "      <td>3.900</td>\n",
       "      <td>103.019022</td>\n",
       "    </tr>\n",
       "  </tbody>\n",
       "</table>\n",
       "</div>"
      ],
      "text/plain": [
       "             Enagy(kcal)  Protein(g)  Fat(g)  Carbo(g)  Ca(mg)  Mg(mg)  \\\n",
       "つけめん                 602        26.5    10.7     107.9   100.0    49.0   \n",
       "納豆オムレツ               338        21.3    26.8       7.7    97.0    66.0   \n",
       "あんかけチャーハン            844        30.2    36.3     107.0    69.0    64.0   \n",
       "あんかけチャーハン+歩数         844        30.2    36.3     107.0    69.0    64.0   \n",
       "\n",
       "              Fe(mg)  Zn(mg)  VitA(ﾎｼg)  VitD(ﾎｼg)  VitB1(mg)  VitB2(mg)  \\\n",
       "つけめん             2.1     1.4       59.0        0.8       0.25       0.23   \n",
       "納豆オムレツ           3.3     2.1      171.0        2.5       0.10       0.61   \n",
       "あんかけチャーハン        2.1     3.6      234.0        3.3       0.17       0.37   \n",
       "あんかけチャーハン+歩数     2.1     3.6      234.0        3.3       0.17       0.37   \n",
       "\n",
       "              VitB6(mg)  Fiber(g)  Saturated fat(g)  VitC(mg)      NoW  \\\n",
       "つけめん               0.13       8.3              3.41       7.0      0.0   \n",
       "納豆オムレツ             0.23       2.4              5.00       2.0      0.0   \n",
       "あんかけチャーハン          0.25       2.5              5.63       6.0      0.0   \n",
       "あんかけチャーハン+歩数       0.25       2.5              5.63       6.0  10000.0   \n",
       "\n",
       "              Salt(g)       Label  \n",
       "つけめん            2.127   70.308458  \n",
       "納豆オムレツ          1.500   27.705401  \n",
       "あんかけチャーハン       3.900   89.671354  \n",
       "あんかけチャーハン+歩数    3.900  103.019022  "
      ]
     },
     "execution_count": 51,
     "metadata": {},
     "output_type": "execute_result"
    }
   ],
   "source": [
    "result = pd.read_csv('result.csv', encoding='shift_jis', index_col=\"Unnamed: 0\").dropna(how='any')\n",
    "result"
   ]
  },
  {
   "cell_type": "code",
   "execution_count": 52,
   "metadata": {},
   "outputs": [
    {
     "data": {
      "text/html": [
       "<div>\n",
       "<style scoped>\n",
       "    .dataframe tbody tr th:only-of-type {\n",
       "        vertical-align: middle;\n",
       "    }\n",
       "\n",
       "    .dataframe tbody tr th {\n",
       "        vertical-align: top;\n",
       "    }\n",
       "\n",
       "    .dataframe thead th {\n",
       "        text-align: right;\n",
       "    }\n",
       "</style>\n",
       "<table border=\"1\" class=\"dataframe\">\n",
       "  <thead>\n",
       "    <tr style=\"text-align: right;\">\n",
       "      <th></th>\n",
       "      <th>Protein(g)</th>\n",
       "      <th>Fat(g)</th>\n",
       "      <th>Carbo(g)</th>\n",
       "      <th>Ca(mg)</th>\n",
       "      <th>Mg(mg)</th>\n",
       "      <th>Fe(mg)</th>\n",
       "      <th>Zn(mg)</th>\n",
       "      <th>VitA(ﾎｼg)</th>\n",
       "      <th>VitD(ﾎｼg)</th>\n",
       "      <th>VitB1(mg)</th>\n",
       "      <th>VitB2(mg)</th>\n",
       "      <th>VitB6(mg)</th>\n",
       "      <th>Fiber(g)</th>\n",
       "      <th>Saturated fat(g)</th>\n",
       "      <th>VitC(mg)</th>\n",
       "      <th>NoW</th>\n",
       "      <th>Salt(g)</th>\n",
       "      <th>Label</th>\n",
       "    </tr>\n",
       "  </thead>\n",
       "  <tbody>\n",
       "    <tr>\n",
       "      <th>Protein(g)</th>\n",
       "      <td>1.000000</td>\n",
       "      <td>0.450245</td>\n",
       "      <td>0.906647</td>\n",
       "      <td>-0.825284</td>\n",
       "      <td>-0.032603</td>\n",
       "      <td>-0.910208</td>\n",
       "      <td>0.704032</td>\n",
       "      <td>0.439720</td>\n",
       "      <td>0.401239</td>\n",
       "      <td>0.462844</td>\n",
       "      <td>-0.653563</td>\n",
       "      <td>0.249382</td>\n",
       "      <td>-0.070953</td>\n",
       "      <td>0.365811</td>\n",
       "      <td>0.801353</td>\n",
       "      <td>0.498636</td>\n",
       "      <td>0.949571</td>\n",
       "      <td>0.985418</td>\n",
       "    </tr>\n",
       "    <tr>\n",
       "      <th>Fat(g)</th>\n",
       "      <td>0.450245</td>\n",
       "      <td>1.000000</td>\n",
       "      <td>0.031505</td>\n",
       "      <td>-0.875820</td>\n",
       "      <td>0.877751</td>\n",
       "      <td>-0.040019</td>\n",
       "      <td>0.951100</td>\n",
       "      <td>0.999931</td>\n",
       "      <td>0.998533</td>\n",
       "      <td>-0.583113</td>\n",
       "      <td>0.381551</td>\n",
       "      <td>0.976977</td>\n",
       "      <td>-0.922601</td>\n",
       "      <td>0.995722</td>\n",
       "      <td>-0.173323</td>\n",
       "      <td>0.484367</td>\n",
       "      <td>0.707513</td>\n",
       "      <td>0.409848</td>\n",
       "    </tr>\n",
       "    <tr>\n",
       "      <th>Carbo(g)</th>\n",
       "      <td>0.906647</td>\n",
       "      <td>0.031505</td>\n",
       "      <td>1.000000</td>\n",
       "      <td>-0.509992</td>\n",
       "      <td>-0.451226</td>\n",
       "      <td>-0.999964</td>\n",
       "      <td>0.338695</td>\n",
       "      <td>0.019756</td>\n",
       "      <td>-0.022658</td>\n",
       "      <td>0.793616</td>\n",
       "      <td>-0.911868</td>\n",
       "      <td>-0.182460</td>\n",
       "      <td>0.356498</td>\n",
       "      <td>-0.060988</td>\n",
       "      <td>0.978916</td>\n",
       "      <td>0.329305</td>\n",
       "      <td>0.728640</td>\n",
       "      <td>0.909412</td>\n",
       "    </tr>\n",
       "    <tr>\n",
       "      <th>Ca(mg)</th>\n",
       "      <td>-0.825284</td>\n",
       "      <td>-0.875820</td>\n",
       "      <td>-0.509992</td>\n",
       "      <td>1.000000</td>\n",
       "      <td>-0.537511</td>\n",
       "      <td>0.517301</td>\n",
       "      <td>-0.982071</td>\n",
       "      <td>-0.870087</td>\n",
       "      <td>-0.848403</td>\n",
       "      <td>0.118611</td>\n",
       "      <td>0.111956</td>\n",
       "      <td>-0.752687</td>\n",
       "      <td>0.621851</td>\n",
       "      <td>-0.827475</td>\n",
       "      <td>-0.323534</td>\n",
       "      <td>-0.575863</td>\n",
       "      <td>-0.960734</td>\n",
       "      <td>-0.791853</td>\n",
       "    </tr>\n",
       "    <tr>\n",
       "      <th>Mg(mg)</th>\n",
       "      <td>-0.032603</td>\n",
       "      <td>0.877751</td>\n",
       "      <td>-0.451226</td>\n",
       "      <td>-0.537511</td>\n",
       "      <td>1.000000</td>\n",
       "      <td>0.443607</td>\n",
       "      <td>0.686837</td>\n",
       "      <td>0.883321</td>\n",
       "      <td>0.902405</td>\n",
       "      <td>-0.901059</td>\n",
       "      <td>0.777778</td>\n",
       "      <td>0.959760</td>\n",
       "      <td>-0.994636</td>\n",
       "      <td>0.918268</td>\n",
       "      <td>-0.624001</td>\n",
       "      <td>0.274614</td>\n",
       "      <td>0.282427</td>\n",
       "      <td>-0.069997</td>\n",
       "    </tr>\n",
       "    <tr>\n",
       "      <th>Fe(mg)</th>\n",
       "      <td>-0.910208</td>\n",
       "      <td>-0.040019</td>\n",
       "      <td>-0.999964</td>\n",
       "      <td>0.517301</td>\n",
       "      <td>0.443607</td>\n",
       "      <td>1.000000</td>\n",
       "      <td>-0.346699</td>\n",
       "      <td>-0.028273</td>\n",
       "      <td>0.014141</td>\n",
       "      <td>-0.788405</td>\n",
       "      <td>0.908338</td>\n",
       "      <td>0.174078</td>\n",
       "      <td>-0.348526</td>\n",
       "      <td>0.052483</td>\n",
       "      <td>-0.977140</td>\n",
       "      <td>-0.333333</td>\n",
       "      <td>-0.734448</td>\n",
       "      <td>-0.912628</td>\n",
       "    </tr>\n",
       "    <tr>\n",
       "      <th>Zn(mg)</th>\n",
       "      <td>0.704032</td>\n",
       "      <td>0.951100</td>\n",
       "      <td>0.338695</td>\n",
       "      <td>-0.982071</td>\n",
       "      <td>0.686837</td>\n",
       "      <td>-0.346699</td>\n",
       "      <td>1.000000</td>\n",
       "      <td>0.947404</td>\n",
       "      <td>0.932980</td>\n",
       "      <td>-0.303664</td>\n",
       "      <td>0.077377</td>\n",
       "      <td>0.863303</td>\n",
       "      <td>-0.758331</td>\n",
       "      <td>0.918488</td>\n",
       "      <td>0.139361</td>\n",
       "      <td>0.557733</td>\n",
       "      <td>0.891204</td>\n",
       "      <td>0.666858</td>\n",
       "    </tr>\n",
       "    <tr>\n",
       "      <th>VitA(ﾎｼg)</th>\n",
       "      <td>0.439720</td>\n",
       "      <td>0.999931</td>\n",
       "      <td>0.019756</td>\n",
       "      <td>-0.870087</td>\n",
       "      <td>0.883321</td>\n",
       "      <td>-0.028273</td>\n",
       "      <td>0.947404</td>\n",
       "      <td>1.000000</td>\n",
       "      <td>0.999100</td>\n",
       "      <td>-0.592621</td>\n",
       "      <td>0.392388</td>\n",
       "      <td>0.979417</td>\n",
       "      <td>-0.927071</td>\n",
       "      <td>0.996739</td>\n",
       "      <td>-0.184886</td>\n",
       "      <td>0.480640</td>\n",
       "      <td>0.699158</td>\n",
       "      <td>0.399278</td>\n",
       "    </tr>\n",
       "    <tr>\n",
       "      <th>VitD(ﾎｼg)</th>\n",
       "      <td>0.401239</td>\n",
       "      <td>0.998533</td>\n",
       "      <td>-0.022658</td>\n",
       "      <td>-0.848403</td>\n",
       "      <td>0.902405</td>\n",
       "      <td>0.014141</td>\n",
       "      <td>0.932980</td>\n",
       "      <td>0.999100</td>\n",
       "      <td>1.000000</td>\n",
       "      <td>-0.626244</td>\n",
       "      <td>0.431039</td>\n",
       "      <td>0.987095</td>\n",
       "      <td>-0.942134</td>\n",
       "      <td>0.999264</td>\n",
       "      <td>-0.226394</td>\n",
       "      <td>0.466644</td>\n",
       "      <td>0.668211</td>\n",
       "      <td>0.360682</td>\n",
       "    </tr>\n",
       "    <tr>\n",
       "      <th>VitB1(mg)</th>\n",
       "      <td>0.462844</td>\n",
       "      <td>-0.583113</td>\n",
       "      <td>0.793616</td>\n",
       "      <td>0.118611</td>\n",
       "      <td>-0.901059</td>\n",
       "      <td>-0.788405</td>\n",
       "      <td>-0.303664</td>\n",
       "      <td>-0.592621</td>\n",
       "      <td>-0.626244</td>\n",
       "      <td>1.000000</td>\n",
       "      <td>-0.973419</td>\n",
       "      <td>-0.743009</td>\n",
       "      <td>0.851366</td>\n",
       "      <td>-0.655687</td>\n",
       "      <td>0.901162</td>\n",
       "      <td>-0.027186</td>\n",
       "      <td>0.161557</td>\n",
       "      <td>0.489682</td>\n",
       "    </tr>\n",
       "    <tr>\n",
       "      <th>VitB2(mg)</th>\n",
       "      <td>-0.653563</td>\n",
       "      <td>0.381551</td>\n",
       "      <td>-0.911868</td>\n",
       "      <td>0.111956</td>\n",
       "      <td>0.777778</td>\n",
       "      <td>0.908338</td>\n",
       "      <td>0.077377</td>\n",
       "      <td>0.392388</td>\n",
       "      <td>0.431039</td>\n",
       "      <td>-0.973419</td>\n",
       "      <td>1.000000</td>\n",
       "      <td>0.569972</td>\n",
       "      <td>-0.708592</td>\n",
       "      <td>0.465332</td>\n",
       "      <td>-0.976489</td>\n",
       "      <td>-0.105621</td>\n",
       "      <td>-0.383285</td>\n",
       "      <td>-0.672711</td>\n",
       "    </tr>\n",
       "    <tr>\n",
       "      <th>VitB6(mg)</th>\n",
       "      <td>0.249382</td>\n",
       "      <td>0.976977</td>\n",
       "      <td>-0.182460</td>\n",
       "      <td>-0.752687</td>\n",
       "      <td>0.959760</td>\n",
       "      <td>0.174078</td>\n",
       "      <td>0.863303</td>\n",
       "      <td>0.979417</td>\n",
       "      <td>0.987095</td>\n",
       "      <td>-0.743009</td>\n",
       "      <td>0.569972</td>\n",
       "      <td>1.000000</td>\n",
       "      <td>-0.983659</td>\n",
       "      <td>0.992511</td>\n",
       "      <td>-0.379450</td>\n",
       "      <td>0.406181</td>\n",
       "      <td>0.540452</td>\n",
       "      <td>0.209052</td>\n",
       "    </tr>\n",
       "    <tr>\n",
       "      <th>Fiber(g)</th>\n",
       "      <td>-0.070953</td>\n",
       "      <td>-0.922601</td>\n",
       "      <td>0.356498</td>\n",
       "      <td>0.621851</td>\n",
       "      <td>-0.994636</td>\n",
       "      <td>-0.348526</td>\n",
       "      <td>-0.758331</td>\n",
       "      <td>-0.927071</td>\n",
       "      <td>-0.942134</td>\n",
       "      <td>0.851366</td>\n",
       "      <td>-0.708592</td>\n",
       "      <td>-0.983659</td>\n",
       "      <td>1.000000</td>\n",
       "      <td>-0.954299</td>\n",
       "      <td>0.539826</td>\n",
       "      <td>-0.325672</td>\n",
       "      <td>-0.380137</td>\n",
       "      <td>-0.032124</td>\n",
       "    </tr>\n",
       "    <tr>\n",
       "      <th>Saturated fat(g)</th>\n",
       "      <td>0.365811</td>\n",
       "      <td>0.995722</td>\n",
       "      <td>-0.060988</td>\n",
       "      <td>-0.827475</td>\n",
       "      <td>0.918268</td>\n",
       "      <td>0.052483</td>\n",
       "      <td>0.918488</td>\n",
       "      <td>0.996739</td>\n",
       "      <td>0.999264</td>\n",
       "      <td>-0.655687</td>\n",
       "      <td>0.465332</td>\n",
       "      <td>0.992511</td>\n",
       "      <td>-0.954299</td>\n",
       "      <td>1.000000</td>\n",
       "      <td>-0.263588</td>\n",
       "      <td>0.453261</td>\n",
       "      <td>0.639183</td>\n",
       "      <td>0.325213</td>\n",
       "    </tr>\n",
       "    <tr>\n",
       "      <th>VitC(mg)</th>\n",
       "      <td>0.801353</td>\n",
       "      <td>-0.173323</td>\n",
       "      <td>0.978916</td>\n",
       "      <td>-0.323534</td>\n",
       "      <td>-0.624001</td>\n",
       "      <td>-0.977140</td>\n",
       "      <td>0.139361</td>\n",
       "      <td>-0.184886</td>\n",
       "      <td>-0.226394</td>\n",
       "      <td>0.901162</td>\n",
       "      <td>-0.976489</td>\n",
       "      <td>-0.379450</td>\n",
       "      <td>0.539826</td>\n",
       "      <td>-0.263588</td>\n",
       "      <td>1.000000</td>\n",
       "      <td>0.225494</td>\n",
       "      <td>0.573376</td>\n",
       "      <td>0.812333</td>\n",
       "    </tr>\n",
       "    <tr>\n",
       "      <th>NoW</th>\n",
       "      <td>0.498636</td>\n",
       "      <td>0.484367</td>\n",
       "      <td>0.329305</td>\n",
       "      <td>-0.575863</td>\n",
       "      <td>0.274614</td>\n",
       "      <td>-0.333333</td>\n",
       "      <td>0.557733</td>\n",
       "      <td>0.480640</td>\n",
       "      <td>0.466644</td>\n",
       "      <td>-0.027186</td>\n",
       "      <td>-0.105621</td>\n",
       "      <td>0.406181</td>\n",
       "      <td>-0.325672</td>\n",
       "      <td>0.453261</td>\n",
       "      <td>0.225494</td>\n",
       "      <td>1.000000</td>\n",
       "      <td>0.564742</td>\n",
       "      <td>0.615775</td>\n",
       "    </tr>\n",
       "    <tr>\n",
       "      <th>Salt(g)</th>\n",
       "      <td>0.949571</td>\n",
       "      <td>0.707513</td>\n",
       "      <td>0.728640</td>\n",
       "      <td>-0.960734</td>\n",
       "      <td>0.282427</td>\n",
       "      <td>-0.734448</td>\n",
       "      <td>0.891204</td>\n",
       "      <td>0.699158</td>\n",
       "      <td>0.668211</td>\n",
       "      <td>0.161557</td>\n",
       "      <td>-0.383285</td>\n",
       "      <td>0.540452</td>\n",
       "      <td>-0.380137</td>\n",
       "      <td>0.639183</td>\n",
       "      <td>0.573376</td>\n",
       "      <td>0.564742</td>\n",
       "      <td>1.000000</td>\n",
       "      <td>0.923844</td>\n",
       "    </tr>\n",
       "    <tr>\n",
       "      <th>Label</th>\n",
       "      <td>0.985418</td>\n",
       "      <td>0.409848</td>\n",
       "      <td>0.909412</td>\n",
       "      <td>-0.791853</td>\n",
       "      <td>-0.069997</td>\n",
       "      <td>-0.912628</td>\n",
       "      <td>0.666858</td>\n",
       "      <td>0.399278</td>\n",
       "      <td>0.360682</td>\n",
       "      <td>0.489682</td>\n",
       "      <td>-0.672711</td>\n",
       "      <td>0.209052</td>\n",
       "      <td>-0.032124</td>\n",
       "      <td>0.325213</td>\n",
       "      <td>0.812333</td>\n",
       "      <td>0.615775</td>\n",
       "      <td>0.923844</td>\n",
       "      <td>1.000000</td>\n",
       "    </tr>\n",
       "  </tbody>\n",
       "</table>\n",
       "</div>"
      ],
      "text/plain": [
       "                  Protein(g)    Fat(g)  Carbo(g)    Ca(mg)    Mg(mg)  \\\n",
       "Protein(g)          1.000000  0.450245  0.906647 -0.825284 -0.032603   \n",
       "Fat(g)              0.450245  1.000000  0.031505 -0.875820  0.877751   \n",
       "Carbo(g)            0.906647  0.031505  1.000000 -0.509992 -0.451226   \n",
       "Ca(mg)             -0.825284 -0.875820 -0.509992  1.000000 -0.537511   \n",
       "Mg(mg)             -0.032603  0.877751 -0.451226 -0.537511  1.000000   \n",
       "Fe(mg)             -0.910208 -0.040019 -0.999964  0.517301  0.443607   \n",
       "Zn(mg)              0.704032  0.951100  0.338695 -0.982071  0.686837   \n",
       "VitA(ﾎｼg)           0.439720  0.999931  0.019756 -0.870087  0.883321   \n",
       "VitD(ﾎｼg)           0.401239  0.998533 -0.022658 -0.848403  0.902405   \n",
       "VitB1(mg)           0.462844 -0.583113  0.793616  0.118611 -0.901059   \n",
       "VitB2(mg)          -0.653563  0.381551 -0.911868  0.111956  0.777778   \n",
       "VitB6(mg)           0.249382  0.976977 -0.182460 -0.752687  0.959760   \n",
       "Fiber(g)           -0.070953 -0.922601  0.356498  0.621851 -0.994636   \n",
       "Saturated fat(g)    0.365811  0.995722 -0.060988 -0.827475  0.918268   \n",
       "VitC(mg)            0.801353 -0.173323  0.978916 -0.323534 -0.624001   \n",
       "NoW                 0.498636  0.484367  0.329305 -0.575863  0.274614   \n",
       "Salt(g)             0.949571  0.707513  0.728640 -0.960734  0.282427   \n",
       "Label               0.985418  0.409848  0.909412 -0.791853 -0.069997   \n",
       "\n",
       "                    Fe(mg)    Zn(mg)  VitA(ﾎｼg)  VitD(ﾎｼg)  VitB1(mg)  \\\n",
       "Protein(g)       -0.910208  0.704032   0.439720   0.401239   0.462844   \n",
       "Fat(g)           -0.040019  0.951100   0.999931   0.998533  -0.583113   \n",
       "Carbo(g)         -0.999964  0.338695   0.019756  -0.022658   0.793616   \n",
       "Ca(mg)            0.517301 -0.982071  -0.870087  -0.848403   0.118611   \n",
       "Mg(mg)            0.443607  0.686837   0.883321   0.902405  -0.901059   \n",
       "Fe(mg)            1.000000 -0.346699  -0.028273   0.014141  -0.788405   \n",
       "Zn(mg)           -0.346699  1.000000   0.947404   0.932980  -0.303664   \n",
       "VitA(ﾎｼg)        -0.028273  0.947404   1.000000   0.999100  -0.592621   \n",
       "VitD(ﾎｼg)         0.014141  0.932980   0.999100   1.000000  -0.626244   \n",
       "VitB1(mg)        -0.788405 -0.303664  -0.592621  -0.626244   1.000000   \n",
       "VitB2(mg)         0.908338  0.077377   0.392388   0.431039  -0.973419   \n",
       "VitB6(mg)         0.174078  0.863303   0.979417   0.987095  -0.743009   \n",
       "Fiber(g)         -0.348526 -0.758331  -0.927071  -0.942134   0.851366   \n",
       "Saturated fat(g)  0.052483  0.918488   0.996739   0.999264  -0.655687   \n",
       "VitC(mg)         -0.977140  0.139361  -0.184886  -0.226394   0.901162   \n",
       "NoW              -0.333333  0.557733   0.480640   0.466644  -0.027186   \n",
       "Salt(g)          -0.734448  0.891204   0.699158   0.668211   0.161557   \n",
       "Label            -0.912628  0.666858   0.399278   0.360682   0.489682   \n",
       "\n",
       "                  VitB2(mg)  VitB6(mg)  Fiber(g)  Saturated fat(g)  VitC(mg)  \\\n",
       "Protein(g)        -0.653563   0.249382 -0.070953          0.365811  0.801353   \n",
       "Fat(g)             0.381551   0.976977 -0.922601          0.995722 -0.173323   \n",
       "Carbo(g)          -0.911868  -0.182460  0.356498         -0.060988  0.978916   \n",
       "Ca(mg)             0.111956  -0.752687  0.621851         -0.827475 -0.323534   \n",
       "Mg(mg)             0.777778   0.959760 -0.994636          0.918268 -0.624001   \n",
       "Fe(mg)             0.908338   0.174078 -0.348526          0.052483 -0.977140   \n",
       "Zn(mg)             0.077377   0.863303 -0.758331          0.918488  0.139361   \n",
       "VitA(ﾎｼg)          0.392388   0.979417 -0.927071          0.996739 -0.184886   \n",
       "VitD(ﾎｼg)          0.431039   0.987095 -0.942134          0.999264 -0.226394   \n",
       "VitB1(mg)         -0.973419  -0.743009  0.851366         -0.655687  0.901162   \n",
       "VitB2(mg)          1.000000   0.569972 -0.708592          0.465332 -0.976489   \n",
       "VitB6(mg)          0.569972   1.000000 -0.983659          0.992511 -0.379450   \n",
       "Fiber(g)          -0.708592  -0.983659  1.000000         -0.954299  0.539826   \n",
       "Saturated fat(g)   0.465332   0.992511 -0.954299          1.000000 -0.263588   \n",
       "VitC(mg)          -0.976489  -0.379450  0.539826         -0.263588  1.000000   \n",
       "NoW               -0.105621   0.406181 -0.325672          0.453261  0.225494   \n",
       "Salt(g)           -0.383285   0.540452 -0.380137          0.639183  0.573376   \n",
       "Label             -0.672711   0.209052 -0.032124          0.325213  0.812333   \n",
       "\n",
       "                       NoW   Salt(g)     Label  \n",
       "Protein(g)        0.498636  0.949571  0.985418  \n",
       "Fat(g)            0.484367  0.707513  0.409848  \n",
       "Carbo(g)          0.329305  0.728640  0.909412  \n",
       "Ca(mg)           -0.575863 -0.960734 -0.791853  \n",
       "Mg(mg)            0.274614  0.282427 -0.069997  \n",
       "Fe(mg)           -0.333333 -0.734448 -0.912628  \n",
       "Zn(mg)            0.557733  0.891204  0.666858  \n",
       "VitA(ﾎｼg)         0.480640  0.699158  0.399278  \n",
       "VitD(ﾎｼg)         0.466644  0.668211  0.360682  \n",
       "VitB1(mg)        -0.027186  0.161557  0.489682  \n",
       "VitB2(mg)        -0.105621 -0.383285 -0.672711  \n",
       "VitB6(mg)         0.406181  0.540452  0.209052  \n",
       "Fiber(g)         -0.325672 -0.380137 -0.032124  \n",
       "Saturated fat(g)  0.453261  0.639183  0.325213  \n",
       "VitC(mg)          0.225494  0.573376  0.812333  \n",
       "NoW               1.000000  0.564742  0.615775  \n",
       "Salt(g)           0.564742  1.000000  0.923844  \n",
       "Label             0.615775  0.923844  1.000000  "
      ]
     },
     "execution_count": 52,
     "metadata": {},
     "output_type": "execute_result"
    }
   ],
   "source": [
    "result.corr()"
   ]
  },
  {
   "cell_type": "code",
   "execution_count": 36,
   "metadata": {},
   "outputs": [],
   "source": [
    "food = requests.get(\"https://developer.ambrosiasys.com/app/notes?begin_date={}&end_date={}\".format(begin_ut, end_ut),\n",
    "            headers=headers)"
   ]
  },
  {
   "cell_type": "code",
   "execution_count": 37,
   "metadata": {},
   "outputs": [
    {
     "data": {
      "text/plain": [
       "'{\"message\":\"no_data_found\"}'"
      ]
     },
     "execution_count": 37,
     "metadata": {},
     "output_type": "execute_result"
    }
   ],
   "source": [
    "food.text"
   ]
  },
  {
   "cell_type": "code",
   "execution_count": 44,
   "metadata": {},
   "outputs": [],
   "source": [
    "glucose_list = [int(record['reading']) for record in get_data['readings'] if record['reading'] != 'NA']\n",
    "glucose_list = np.array(glucose_list)"
   ]
  },
  {
   "cell_type": "code",
   "execution_count": 46,
   "metadata": {},
   "outputs": [
    {
     "data": {
      "text/plain": [
       "array([   0,    1,    2, ..., 1844, 1845, 1846])"
      ]
     },
     "execution_count": 46,
     "metadata": {},
     "output_type": "execute_result"
    }
   ],
   "source": [
    "index = np.arange(glucose_list.shape[0])\n",
    "index"
   ]
  },
  {
   "cell_type": "code",
   "execution_count": 47,
   "metadata": {},
   "outputs": [
    {
     "data": {
